000 001 001 001 001 001 001 001 001 001 001 001 001 001 001 002
016 017 017 017 017 017 017 017 017 017 017 017 017 017 017 018
016 017 017 017 017 017 017 017 017 017 017 017 017 017 017 018
016 017 017 017 017 017 017 017 017 017 017 017 017 017 017 018
016 017 017 017 017 017 017 017 017 017 017 017 017 017 017 018
016 017 017 017 017 017 017 017 017 017 017 017 017 017 017 018
016 017 017 017 017 017 017 017 017 017 017 017 017 017 017 018
032 033 004 017 017 003 033 033 033 033 004 017 017 003 033 034
000 001 020 017 017 019 001 002 000 001 020 017 017 019 001 002
016 017 017 017 017 017 017 018 016 017 017 017 017 017 017 018
016 017 017 017 017 017 017 018 016 017 010 011 041 011 012 018
016 017 017 017 017 017 017 018 016 017 026 030 030 030 028 018
016 017 017 017 017 017 017 018 016 017 026 030 030 030 028 018
016 017 017 017 017 017 017 018 016 017 026 030 030 030 028 018
016 017 017 017 017 017 017 018 016 017 042 043 043 043 044 018
032 033 033 033 033 033 033 034 032 033 033 033 033 033 033 034
