000 001 001 001 001 001 001 002 000 001 001 001 001 001 001 002
016 017 017 017 017 017 017 018 016 017 017 017 017 017 017 018
016 017 017 017 017 017 017 018 016 017 017 017 017 017 017 018
016 017 017 017 017 017 017 018 016 017 017 017 017 017 017 018
016 017 017 017 017 017 017 018 016 017 017 017 017 017 017 018
016 017 017 017 017 017 017 018 016 017 017 017 017 017 017 018
016 017 017 017 017 017 017 018 016 017 017 017 017 017 017 018
016 017 017 017 017 017 017 018 032 033 004 017 017 003 033 034
016 017 017 017 017 017 017 019 001 001 020 017 017 019 001 002
016 017 017 017 017 017 017 017 017 017 017 017 017 017 017 018
016 017 017 017 017 017 017 017 017 017 017 017 017 017 017 018
016 017 017 017 017 017 017 017 017 017 017 017 017 017 017 018
016 017 017 017 017 017 017 017 017 017 017 017 017 017 017 018
016 017 017 017 017 017 017 017 017 017 017 017 017 017 017 018
016 017 017 017 017 017 017 017 017 017 017 017 017 017 017 018
032 033 033 033 033 033 033 033 033 033 033 033 033 033 033 034
